2383 3 5
11.02	11.25	10.92
11.25	11.28	10.96
11.23	11.52	11.11
11.42	11.45	11.12
11.08	11.45	11.08
10.71	11.18	10.68
10.75	10.9	10.67
10.85	10.88	10.72
11.02	11.08	10.83
10.93	11.13	10.86
11.21	11.23	10.91
11.35	11.45	11.19
11.34	11.5	11.25
11.21	11.6	11.16
11.27	11.35	11.16
10.78	11.49	10.78
10.79	10.79	10.79
10.7	10.82	10.59
10.96	11.02	10.76
10.79	11.01	10.73
10.72	10.89	10.7
10.85	10.94	10.67
10.7	10.96	10.67
10.64	11.03	10.52
10.66	10.75	10.54
10.77	10.81	10.56
10.77	10.93	10.63
10.07	10.94	10.03
10.22	10.29	10.05
10.35	10.35	10.15
10.47	10.51	10.33
10.41	10.5	10.34
10.43	10.53	10.27
10.48	10.79	10.37
10.27	10.48	10.18
10.31	10.39	10.1
10.7	10.72	10.25
10.75	10.94	10.72
10.71	10.85	10.51
10.89	10.98	10.63
10.99	11.02	10.8
11.02	11.08	10.93
11.17	11.24	10.88
11.09	11.35	11.01
11.03	11.22	11
11.17	11.35	11
11.45	11.48	11.14
11.82	11.84	11.58
11.93	12.25	11.75
11.61	12.13	11.61
11.91	11.93	11.62
12.1	12.17	11.87
12.11	12.19	11.96
11.83	12.5	11.8
11.87	12.2	11.85
11.53	12.33	11.43
11.38	11.59	11.35
11.32	11.38	11.1
11.4	11.4	11.4
11.4	11.4	11.4
11.4	11.4	11.4
11.4	11.4	11.4
11.55	11.55	11.38
11.54	11.64	11.5
11.45	11.59	11.37
11.56	11.63	11.35
11.64	11.81	11.57
11.77	11.79	11.65
11.36	11.86	11.35
11.32	11.56	11.32
11.48	11.48	11.25
11.62	11.64	11.45
11.66	11.8	11.58
11.7	11.74	11.56
11.57	11.78	11.45
11.8	11.91	11.49
11.78	11.95	11.66
11.69	11.99	11.65
11.64	11.95	11.53
11.53	11.76	11.51
11.89	12	11.5
12.15	12.16	11.78
12.12	12.3	12.05
12.25	12.25	12.25
11.73	12.39	11.65
11.79	11.85	11.7
11.46	11.89	11.43
11.7	11.7	11.43
11.7	11.79	11.53
12	12.12	11.6
11.92	12.18	11.8
12.51	12.58	11.91
12.78	12.85	12.5
12.7	12.85	12.65
12.79	12.88	12.62
12.5	12.83	12.5
12.68	12.69	12.45
12.71	12.87	12.66
13.2	13.24	12.68
13.3	13.34	13.2
13.3	13.39	13.18
13.47	13.48	13.24
13.58	13.62	13.37
13.5	13.85	13.36
13.68	13.82	13.3
13.64	14.06	13.55
13.8	13.89	13.56
13.57	13.79	13.54
13.41	13.82	13.37
13.5	13.63	13.4
13.4	13.79	13.36
13.88	13.9	13.67
13.87	13.96	13.48
14	14.2	13.75
14.04	14.12	13.77
13.48	14.14	13.25
13.18	13.77	13.06
13.25	13.36	12.97
13.87	13.93	13.27
13.41	14.1	13.41
13.33	13.54	13.1
13.1	13.54	13.08
13.21	13.46	13.1
13.41	13.48	13.06
13.3	13.69	12.96
13.98	14.09	13.47
13.88	14.11	13.65
14.25	14.32	13.75
14	14.49	13.81
13.15	14.4	13.15
13.4	13.42	12.97
12.93	13.8	12.86
12.61	13.15	12.4
12.17	13.16	12.16
12.28	12.28	12.01
12.21	12.38	12.02
12.01	12.44	11.96
12.13	12.24	12
12.15	12.16	11.93
12.49	12.5	12.13
12.6	12.69	12.47
12.41	12.78	12.36
12.6	12.75	12.2
12.12	12.75	12.02
11.88	12.34	11.51
11.88	11.88	11.88
11.88	11.88	11.88
11.88	11.88	11.88
11.88	11.88	11.88
11.88	11.88	11.88
11.9	12.04	11.82
11.63	12.01	11.6
11.96	11.96	11.5
12.18	12.45	11.98
12.86	12.87	11.97
12.8	12.97	12.62
12.79	12.79	12.79
12.75	12.99	12.51
13.15	13.37	12.75
13.22	13.64	12.67
13.23	13.7	13.03
12.52	13.86	12.4
12.4	13.15	12.2
12.42	12.65	11.99
11.28	12.13	11.28
11.03	11.03	11.03
11.08	11.13	10.98
11.16	11.4	11.05
10.79	11.2	10.72
10.74	10.83	10.63
10.54	10.85	10.52
10.8	10.89	10.6
10.74	10.84	10.53
10.89	11.02	10.76
10.63	10.95	10.5
10.95	11.07	10.44
10.86	11.25	10.81
10.97	11.1	10.75
10.71	11.25	10.59
10.22	10.95	10.22
10.18	11.22	10.01
10.42	10.52	10.18
10.51	10.83	10.38
10.31	10.56	10.25
9.88	10.45	9.85
9.97	10.02	9.75
9.86	10.05	9.83
9.88	10.12	9.85
9.87	10	9.78
9.82	9.94	9.77
10.02	10.1	9.79
9.74	9.92	9.61
9.81	9.99	9.55
9.5	9.93	9.46
9.47	9.52	9.36
9.71	9.76	9.55
9.79	10.02	9.7
9.79	9.88	9.55
9.47	10.24	9.41
9.23	9.5	9.12
9.82	9.9	9.41
10.08	10.18	9.78
10.37	10.46	10.1
10.35	10.44	10.14
10.5	10.76	10.04
10.5	10.84	10.26
9.5	10.34	9.5
9.01	9.4	8.99
9.01	9.11	8.97
9.18	9.26	8.97
9.35	9.57	9.34
9.22	9.57	9.01
9.55	9.55	9.27
9.78	9.8	9.37
9.81	9.95	9.44
9.5	10.14	9.3
9.85	10	9.54
10	10	9.58
9.8	10.1	9.14
11.11	11.11	10.15
10.95	11.39	10.85
11.93	11.95	11.07
12.22	12.23	11.97
12.16	12.52	12.16
11.98	12.23	11.84
11.88	12	11.75
12.07	12.08	11.59
12.21	12.21	12.21
12.21	12.21	12.21
12.21	12.21	12.21
12.58	12.66	12.13
12.87	12.98	12.52
13.13	13.19	12.89
13.07	13.33	12.99
13.08	13.24	12.99
13.28	13.43	13.11
13.26	13.49	13.16
13.51	13.56	13.26
12.76	13.56	12.65
12.87	13.05	12.68
12.84	13.09	12.69
13.13	13.25	12.81
13.19	13.31	13.07
13	13.26	12.96
12.8	13.44	12.74
12.68	12.83	12.45
12.01	12.79	11.91
12.06	12.14	11.97
12.45	12.46	11.94
12.57	12.62	12.38
12.5	12.76	12.43
12.67	12.67	12.38
12.72	13.04	12.45
12.6	12.74	12.43
12.4	12.85	12.3
11.86	12.63	11.79
11.62	11.82	11.5
11.69	11.69	11.69
11.69	11.69	11.69
11.69	11.69	11.69
11.87	12.01	11.66
11.88	12.11	11.71
11.72	12.37	11.59
12.71	12.74	11.91
12.5	12.73	12.44
11.88	12.88	11.84
11.39	11.99	11.31
11.69	11.73	11.28
11.46	11.73	11.31
11.84	11.91	11.51
12.16	12.18	11.75
12.24	12.31	12.06
12.43	12.44	11.96
12.49	12.66	12.44
12.37	12.56	12.24
12.78	12.78	12.78
12.78	12.78	12.78
12.85	12.99	12.69
12.74	13.06	12.62
12.62	12.88	12.56
12.51	12.73	12.27
13.12	13.12	12.46
13.86	14.17	13.7
14.12	14.12	13.8
14.46	14.55	14.17
14.34	14.46	14.24
14.37	14.51	14.18
13.39	14.54	13.38
13.31	13.58	13.15
13.56	13.75	13.26
13.54	14.14	13
13.75	13.81	13.31
13.56	14.11	13.51
14.12	14.24	13.32
14.2	14.36	13.66
14.88	14.99	14.04
14.97	15.07	14.22
15.31	15.44	14.95
13.62	14.96	13.62
14.03	14.38	13.46
14.33	14.52	13.98
13.21	14.38	13.14
13.13	13.64	13.03
12.38	13.73	12.31
12.04	12.69	12.01
12.19	12.31	11.84
12.5	12.5	11.91
13.03	13.12	12.31
13	13.19	12.92
13.07	13.43	12.96
12.97	12.97	12.97
12.97	12.97	12.97
12.97	12.97	12.97
12.97	12.97	12.97
12.97	12.97	12.97
12.99	13.16	12.74
13.56	13.63	12.69
13.56	13.74	13.41
13.59	13.85	13.24
13.91	14.24	13.57
13.14	14.09	12.99
13.29	13.34	13
13.19	13.34	13
13.31	13.47	12.89
11.98	13.17	11.98
12.19	12.24	11.84
12.52	12.86	12.06
12.51	12.76	12.06
12.16	13.06	12.08
11.44	12.31	11.24
11.17	11.51	11
11.06	11.43	10.91
11.01	11.19	10.76
10.7	11.2	10.68
9.68	10.68	9.68
9.92	10.02	9.66
9.91	10.06	9.87
9.98	10.01	9.88
10.19	10.23	9.91
9.99	10.22	9.93
10.2	10.28	9.95
10.01	10.01	10.01
10.01	10.01	10.01
10.01	10.01	10.01
9.82	10.11	9.78
9.66	9.86	9.61
9.64	9.73	9.54
9.62	9.66	9.53
9.31	9.74	9.25
9.27	9.51	9.26
9.43	9.46	9.28
9.44	9.47	9.24
9.5	9.59	9.46
9.47	9.67	9.4
9.5	9.57	9.38
8.77	9.5	8.76
8.87	8.89	8.78
8.83	8.99	8.81
8.88	8.98	8.81
8.84	9.01	8.67
8.44	8.77	8.43
8.34	8.48	8.32
7.91	8.42	7.89
7.85	7.98	7.8
8.01	8.02	7.81
7.94	8.05	7.94
8.18	8.19	7.96
8.2	8.24	8.18
8.18	8.24	8.16
8.27	8.28	8.19
8.24	8.33	8.21
8.27	8.29	8.19
8.15	8.31	8.12
8.18	8.19	8.07
8.14	8.19	8.08
8.19	8.22	8.07
8.31	8.37	8.19
8.44	8.44	8.33
8.51	8.51	8.36
8.37	8.52	8.36
8.36	8.4	8.33
8.4	8.46	8.36
8.44	8.52	8.39
8.49	8.51	8.36
8.46	8.57	8.44
8.36	8.48	8.36
8.23	8.44	8.22
8.2	8.26	8.16
8.09	8.21	8.07
8.06	8.16	8.04
8.29	8.31	8.06
8.32	8.34	8.24
8.29	8.38	8.27
8.43	8.44	8.29
8.36	8.44	8.31
8.39	8.41	8.35
8.36	8.48	8.34
8.29	8.36	8.27
8.21	8.34	8.17
8.31	8.32	8.16
8.29	8.39	8.26
8.31	8.31	8.24
8.31	8.31	8.25
8.12	8.33	8.12
8.21	8.27	8.06
8.21	8.21	8.21
8.21	8.21	8.21
8.21	8.21	8.21
8.21	8.21	8.21
8.21	8.21	8.21
8.09	8.22	8.06
7.9	8.29	7.89
7.97	7.99	7.88
8.05	8.05	7.94
8.01	8.12	7.87
8.12	8.14	8.02
8.32	8.32	8.12
8.45	8.48	8.26
8.55	8.55	8.43
8.76	8.76	8.55
8.74	8.84	8.66
8.73	8.77	8.68
8.8	8.84	8.66
8.76	8.78	8.69
8.88	8.89	8.72
8.62	9	8.6
8.52	8.59	8.48
8.66	8.67	8.46
8.88	8.91	8.64
8.89	8.94	8.86
8.9	9.02	8.87
8.85	8.98	8.84
8.94	8.95	8.87
8.83	9.04	8.77
8.98	8.98	8.78
9.12	9.12	8.98
9.18	9.21	9.09
9.25	9.26	9.13
9.28	9.3	9.21
9.37	9.38	9.21
9.32	9.44	9.3
9.39	9.4	9.29
9.48	9.52	9.38
9.39	9.56	9.34
9.44	9.48	9.39
9.42	9.48	9.42
9.39	9.4	9.32
9.34	9.41	9.34
9.43	9.47	9.34
9.46	9.51	9.44
9.47	9.49	9.39
9.48	9.5	9.41
9.43	9.51	9.38
9.31	9.46	9.29
9.23	9.42	9.23
9.2	9.34	9.16
9.15	9.26	9.13
9.25	9.29	9.14
9.22	9.36	9.21
9.23	9.26	9.16
9.29	9.35	9.26
9.37	9.44	9.3
9.36	9.39	9.28
9.28	9.4	9.26
9.38	9.42	9.28
9.25	9.46	9.22
9.26	9.34	9.16
9.29	9.36	9.24
9.2	9.39	9.19
9.41	9.41	9.19
9.34	9.5	9.22
9.52	9.58	9.47
9.46	9.68	9.46
9.44	9.55	9.39
9.52	9.52	9.38
9.23	9.52	9.19
9.29	9.35	9.19
9.32	9.35	9.25
9.26	9.38	9.24
9.3	9.41	9.23
9.31	9.31	9.31
9.51	9.52	9.29
9.58	9.69	9.5
9.47	9.61	9.44
9.46	9.52	9.41
9.19	9.59	9.19
9.23	9.26	9.13
9.11	9.32	9.06
9.19	9.24	9.03
9.28	9.33	9.2
9.53	9.54	9.23
9.64	9.68	9.48
9.56	9.59	9.53
9.65	9.66	9.54
9.76	9.77	9.61
9.81	9.93	9.78
9.79	9.86	9.73
9.91	9.93	9.75
9.88	9.98	9.78
9.76	9.88	9.7
9.82	9.85	9.75
9.93	9.94	9.79
9.98	9.98	9.98
9.89	9.99	9.89
9.82	9.9	9.81
9.88	9.94	9.79
9.88	9.98	9.85
10	10	9.84
9.94	10.04	9.88
10.09	10.1	9.94
10.08	10.12	10.01
10.1	10.16	10.04
10.28	10.29	10.07
10.35	10.36	10.28
10.38	10.46	10.3
10.38	10.46	10.36
10.49	10.52	10.38
10.45	10.59	10.4
10.35	10.35	10.35
10.35	10.35	10.35
10.39	10.47	10.29
10.55	10.57	10.29
10.39	10.54	10.36
10.25	10.7	10.24
10.34	10.39	10.22
10.19	10.38	10.16
10.19	10.23	10.12
10.01	10.21	10.01
10.09	10.14	9.99
10.12	10.22	10.05
10.22	10.38	10.12
9.9	10.21	9.84
9.8	9.96	9.79
9.82	9.93	9.74
9.94	9.94	9.81
9.81	10.01	9.77
9.82	9.87	9.66
9.82	9.82	9.82
9.82	9.82	9.82
9.82	9.82	9.82
9.77	9.83	9.74
9.86	9.86	9.66
10.04	10.06	9.85
10.07	10.1	10.03
10.01	10.05	9.99
10.07	10.08	9.98
10.07	10.18	9.98
10.12	10.14	10.01
10.2	10.21	10.03
10.21	10.25	10.12
10.17	10.26	10.1
10.31	10.36	10.16
10.57	10.65	10.27
10.47	10.55	10.43
10.55	10.55	10.4
10.56	10.59	10.41
10.57	10.73	10.53
10.5	10.64	10.47
10.76	10.81	10.56
10.96	11.11	10.76
10.77	10.94	10.76
10.68	10.9	10.66
10.79	10.79	10.64
10.58	10.93	10.56
10.56	10.74	10.48
10.43	10.54	10.33
10.39	10.48	10.37
10.31	10.41	10.27
10.3	10.34	10.21
10.46	10.47	10.27
10.34	10.36	10.25
10.39	10.43	10.23
10.37	10.48	10.28
10.41	10.45	10.31
10.49	10.51	10.36
10.5	10.61	10.5
10.56	10.56	10.56
10.36	10.63	10.36
10.46	10.49	10.34
10.62	10.64	10.48
10.54	10.65	10.44
10.31	10.6	10.28
10.36	10.5	10.27
10.45	10.5	10.31
10.51	10.59	10.39
10.49	10.49	10.49
10.49	10.49	10.49
10.49	10.49	10.49
10.49	10.49	10.49
10.49	10.49	10.49
10.46	10.59	10.2
9.86	9.86	9.86
9.86	9.86	9.86
9.86	9.86	9.86
9.86	9.86	9.86
9.86	9.86	9.86
9.86	9.86	9.86
9.86	9.86	9.86
9.86	9.86	9.86
9.6	9.88	9.53
9.59	9.69	9.47
9.48	9.72	9.46
9.74	9.74	9.47
9.59	9.74	9.56
9.59	9.74	9.56
9.59	9.74	9.56
9.53	9.64	9.51
9.64	9.73	9.44
9.63	9.76	9.62
9.62	9.71	9.59
9.64	9.76	9.6
9.57	9.73	9.5
9.67	9.76	9.57
9.56	9.73	9.54
9.48	9.66	9.39
9.43	9.62	9.33
9.69	9.74	9.39
9.8	9.85	9.69
9.88	9.96	9.77
9.91	9.98	9.82
9.93	9.98	9.87
10.03	10.08	9.88
9.94	10.09	9.91
9.97	9.97	9.97
9.96	10.02	9.81
9.88	10.01	9.84
9.96	10.17	9.91
9.97	9.98	9.68
9.96	10.01	9.88
9.89	9.95	9.82
9.83	9.91	9.81
9.82	9.95	9.74
10.06	10.09	9.82
9.94	10.07	9.89
9.98	9.98	9.88
9.93	10.05	9.91
10.05	10.08	9.96
10.29	10.3	9.98
10.43	10.45	10.24
10.43	10.53	10.36
10.48	10.52	10.32
10.49	10.61	10.44
10.49	10.6	10.43
10.46	10.54	10.41
10.53	10.57	10.39
10.62	10.66	10.52
10.69	10.74	10.49
10.4	10.7	10.39
10.48	10.69	10.43
10.64	10.68	10.39
10.62	10.75	10.55
10.48	10.58	10.38
10.41	10.58	10.38
10.32	10.48	10.25
10.06	10.42	9.96
9.94	10.11	9.86
10	10.02	9.81
10.07	10.18	10.01
10.26	10.27	9.99
10.3	10.44	10.26
10.18	10.26	10.07
10.16	10.27	10.14
9.72	10.25	9.68
10	10.06	9.71
9.97	10.02	9.66
10.05	10.14	10
9.94	10.08	9.9
10.18	10.18	9.94
10.12	10.19	9.94
10.27	10.48	9.99
10.26	10.52	10.21
10.55	10.59	10.43
10.46	10.75	10.38
10.34	10.57	10.31
10.51	10.51	10.35
10.41	10.69	10.39
10.28	10.43	10.26
10.34	10.37	10.1
10.12	10.33	10.1
10.41	10.54	10.23
10.41	10.46	10.32
10.31	10.48	10.21
10.22	10.32	10.19
10.38	10.43	10.23
10.53	10.66	10.49
10.44	10.64	10.34
10.51	10.7	10.42
10.62	10.62	10.35
10.75	10.87	10.71
10.31	10.86	10.24
10.43	10.46	10.22
10.27	10.43	10.23
10.34	10.4	10.17
10.25	10.39	10.18
10.68	10.83	10.42
10.68	10.81	10.61
10.41	10.78	10.23
10.31	10.44	10.25
9.89	10.3	9.88
10.16	10.25	10.05
9.84	10.14	9.72
10.14	10.32	9.84
10.34	10.39	10.18
10.56	10.75	10.54
10.49	10.68	10.45
10.66	10.7	10.46
10.75	10.95	10.61
10.57	11.09	10.44
10.63	10.64	10.45
10.66	10.84	10.64
10.55	10.81	10.5
10.69	10.79	10.47
10.78	10.91	10.72
10.95	10.98	10.73
11.06	11.09	10.86
11.09	11.1	10.93
11.25	11.33	11.12
10.97	11.38	10.87
10.98	11.03	10.86
10.78	11.07	10.71
10.79	10.8	10.59
10.87	11.02	10.84
10.81	11.12	10.76
10.94	11.02	10.71
10.82	10.86	10.66
10.94	10.96	10.8
10.62	10.98	10.61
10.72	10.72	10.52
10.43	10.76	10.42
10.71	10.73	10.36
10.88	10.88	10.49
10.61	10.96	10.58
10.32	10.74	10.31
10.12	10.42	10.09
10.19	10.26	10.11
10.04	10.21	9.99
9.94	10.02	9.84
10.02	10.07	9.91
10.09	10.14	9.96
10.29	10.39	10.16
10.19	10.51	10.16
10.24	10.28	10.07
10.32	10.47	10.25
10.38	10.51	10.33
10.51	10.51	10.3
10.34	10.57	10.28
10.38	10.49	10.31
10.75	10.83	10.31
11.03	11.03	10.83
10.98	11.09	10.73
10.92	11.06	10.79
11.06	11.24	11
11.21	11.31	11.01
11.12	11.46	11.12
11.42	11.44	11.02
11.2	11.62	11.18
11.36	11.48	11.18
11.09	11.51	11.04
10.72	11.23	10.72
10.91	11.02	10.71
10.94	11.07	10.62
10.97	11.15	10.91
11.02	11.2	11.01
11.25	11.46	11.05
11.34	11.48	11.29
11.62	11.62	11.19
11.51	11.88	11.48
11.52	11.74	11.31
11.27	11.52	11.24
11.18	11.42	11.06
11.25	11.33	11.08
11.38	11.52	11.28
11.52	11.59	11.19
11.64	11.72	11.46
11.67	11.8	11.53
11.38	11.73	11.34
11.54	11.62	11.31
10.62	11.28	10.56
10.69	10.84	10.61
10.74	10.97	10.62
10.73	10.77	10.6
10.62	10.86	10.53
10.38	10.68	10.38
10.05	10.36	10.04
10.24	10.29	10.01
10.3	10.44	10.22
10.23	10.47	10.19
10.23	10.39	10.2
9.99	10.21	9.98
10.06	10.06	9.97
9.98	10.09	9.95
9.89	10.03	9.78
9.88	9.93	9.82
9.93	9.93	9.84
9.89	9.94	9.8
9.91	10	9.84
10.01	10.06	9.81
10	10.12	9.99
10.11	10.18	10.02
10.38	10.38	10.14
10.44	10.54	10.43
10.46	10.54	10.36
10.49	10.61	10.34
10.28	10.47	10.19
10.12	10.48	10.11
9.97	10.19	9.94
9.97	10.12	9.92
9.88	9.99	9.77
9.76	10.11	9.66
9.74	9.74	9.62
9.68	9.82	9.67
9.99	9.99	9.66
9.88	10	9.84
9.94	10.06	9.88
9.98	10.11	9.9
9.88	9.97	9.82
10.01	10.05	9.88
9.68	10.06	9.68
9.61	9.74	9.56
9.53	9.67	9.5
9.59	9.72	9.52
9.57	9.68	9.54
9.5	9.58	9.43
9.57	9.6	9.41
9.47	9.62	9.38
9.47	9.56	9.46
9.44	9.52	9.38
9.47	9.5	9.34
9.29	9.75	9.29
9.68	9.68	9.32
9.59	9.7	9.52
9.62	9.66	9.54
9.88	9.96	9.6
10.18	10.18	9.99
10.3	10.34	10.19
10.14	10.26	10.07
9.94	10.18	9.93
10.14	10.25	9.94
9.88	10.49	9.81
9.96	10.05	9.81
9.99	10.08	9.94
9.89	10.11	9.78
9.8	9.92	9.74
9.86	9.88	9.69
9.97	9.99	9.75
10.05	10.14	9.97
10.39	10.46	10.01
10.12	10.38	10.09
10.14	10.14	10.14
10.38	10.39	10.12
10.11	10.41	10.04
10.24	10.27	9.99
10.28	10.31	10.18
10.39	10.45	10.27
10.38	10.5	10.32
10.39	10.41	10.3
10.22	10.4	10.16
10.12	10.24	10.06
10.29	10.31	10.12
10.44	10.46	10.28
10.43	10.52	10.26
10.38	10.55	10.31
10.35	10.41	10.28
10.44	10.49	10.3
10.24	10.35	10.19
10.41	10.49	10.11
10.37	10.55	10.3
10.58	10.58	10.41
10.51	10.7	10.38
10.28	10.56	10.26
10.36	10.44	10.16
10.5	10.53	10.38
10.75	10.76	10.37
10.58	10.79	10.53
10.36	10.67	10.32
10.81	10.81	10.41
10.78	10.82	10.62
11.38	11.43	10.71
11.38	11.66	11.3
11.59	11.59	11.31
11.98	11.99	11.62
11.86	12.12	11.86
11.94	11.99	11.74
11.83	11.97	11.72
11.64	12.07	11.51
11.61	11.78	11.47
11.56	11.72	11.52
11.62	11.81	11.46
11.62	11.81	11.52
11.62	11.93	11.47
11.88	12.03	11.59
11.59	11.86	11.41
11.59	11.76	11.46
12.17	12.19	11.73
11.97	12.49	11.97
11.95	12.27	11.77
12.12	12.54	11.94
11.38	12.11	11.36
11.97	12.06	11.44
11.24	11.59	11.23
11.29	11.34	11.12
10.82	11.48	10.82
10.44	10.84	10.31
10.14	10.14	10.14
10.14	10.14	10.14
10.14	10.14	10.14
10.14	10.14	10.14
10.14	10.14	10.14
10.14	10.14	10.14
10.14	10.27	10.07
10.42	10.42	10.16
10.4	10.47	10.27
10.38	10.38	10.38
10.38	10.38	10.38
10.38	10.38	10.38
10.49	10.52	10.34
10.42	10.59	10.32
10.42	10.56	10.38
10.62	10.71	10.34
10.75	10.81	10.57
10.72	10.85	10.68
10.76	10.88	10.49
10.73	10.88	10.62
11.03	11.03	10.73
11.19	11.19	10.94
11.46	11.46	11.21
11.16	11.49	11.11
11.36	11.36	11.04
11.88	11.88	11.18
10.94	10.94	10.94
10.94	10.94	10.94
10.94	10.94	10.94
10.94	10.94	10.94
10.94	10.94	10.94
10.94	10.94	10.94
10.94	10.94	10.94
10.94	10.94	10.94
10.94	10.94	10.94
10.94	10.94	10.94
10.94	10.94	10.94
10.94	10.94	10.94
10.94	10.94	10.94
10.94	10.94	10.94
10.94	10.94	10.94
10.94	10.94	10.94
10.94	10.94	10.94
10.94	10.94	10.94
10.94	10.94	10.94
10.94	10.94	10.94
10.94	10.94	10.94
10.94	10.94	10.94
10.94	10.94	10.94
10.94	10.94	10.94
10.94	10.94	10.94
10.94	10.94	10.94
10.94	10.94	10.94
10.94	10.94	10.94
10.94	10.94	10.94
10.94	10.94	10.94
10.94	10.94	10.94
10.94	10.94	10.94
10.94	10.94	10.94
10.94	10.94	10.94
10.94	10.94	10.94
10.94	10.94	10.94
10.94	10.94	10.94
10.94	10.94	10.94
10.94	10.94	10.94
10.94	10.94	10.94
10.94	10.94	10.94
10.94	10.94	10.94
10.94	10.94	10.94
10.94	10.94	10.94
10.94	10.94	10.94
10.94	10.94	10.94
11.58	11.58	10.94
11.28	11.62	11.28
11.49	11.56	11.27
11.44	11.76	11.39
11.44	11.64	11.33
11.41	11.76	11.32
10.82	11.57	10.82
10.74	11.09	10.72
10.72	10.72	10.72
10.72	10.72	10.72
10.72	10.72	10.72
10.72	10.72	10.72
10.76	10.91	10.62
10.79	10.92	10.68
10.49	11.12	10.36
10.57	10.64	10.31
10.69	10.81	10.51
10.76	10.94	10.73
10.82	11.07	10.76
10.78	10.88	10.57
10.89	11.06	10.74
11.19	11.38	10.94
11.41	11.49	11.26
11.17	11.32	10.91
11.18	11.36	11.13
11.38	11.41	11.09
11.2	11.62	11.2
10.69	11.17	10.64
10.98	11.28	10.93
11.09	11.36	10.88
10.94	11.32	10.81
11.25	11.26	10.84
11.68	11.68	11.38
11.26	11.82	11.25
10.81	11.44	10.73
11.79	11.81	10.91
11.47	11.68	11.37
11.27	11.59	11.22
12.31	12.31	11.44
12.56	12.64	12.1
12.56	12.69	12.36
12.85	12.85	12.85
12.66	12.87	12.59
12.7	12.89	12.58
12.34	12.61	12.25
12.36	12.63	12.22
12.5	12.72	12.31
12.27	12.85	12.12
12.5	12.5	12.07
12.38	12.6	12.25
12.57	12.71	12.19
13.47	13.49	12.49
13.93	13.93	13.74
13.93	14	13.74
14	14.03	13.77
13.86	14.13	13.78
14.2	14.23	13.71
14.11	14.21	14.06
14.26	14.27	13.95
14.59	14.64	14.18
14.73	14.91	14.54
14.64	14.64	14.64
14.66	14.69	14.51
14.54	14.75	14.42
14.78	14.79	14.43
14.77	14.86	14.59
14.35	14.91	14.24
13.94	14.43	13.86
14.23	14.23	13.93
14.28	14.5	14.21
14.5	14.54	14.19
14.33	14.64	14.33
14.41	14.5	14.19
14.53	14.69	14.36
14.14	14.5	14.04
13.99	14.14	13.9
14.3	14.3	13.88
14.72	14.72	14.3
14.72	14.98	14.62
14.82	15.05	14.59
14.93	15.17	14.69
14.57	15.03	14.41
14.44	14.68	14.41
14.57	14.77	14.38
14.44	14.59	14.25
14.31	14.98	14.31
14.03	14.03	14.03
13.76	14.14	13.74
13.54	14.01	13.51
13.38	13.62	13.26
13.77	13.78	13.38
13.94	14.03	13.8
14.03	14.03	14.03
13.86	14.12	13.86
13.86	14.12	13.86
13.86	14.12	13.86
13.86	14.12	13.86
13.86	14.12	13.86
13.88	13.97	13.8
13.88	13.99	13.76
13.5	13.84	13.46
13.68	13.8	13.41
13.51	13.95	13.38
13.96	14.03	13.76
13.46	14.11	13.27
13.29	13.73	13.29
13.57	13.61	13.12
13.49	13.97	13.32
13.62	13.78	13.19
13.99	14.12	13.56
13.87	14.12	13.5
14.12	14.44	13.81
14.02	14.66	13.68
13.49	14.25	13.36
13.89	14.12	13.31
13.49	13.96	13.48
13.39	13.6	13.26
13.14	13.53	12.91
13.12	13.23	12.88
13.67	13.69	13
14.11	14.16	13.62
14.69	14.8	13.93
14.06	14.22	13.97
14.31	14.41	14
14.53	14.53	14.2
14.84	14.94	14.22
15.32	15.36	14.8
15.24	15.43	15.06
14.74	15.33	14.64
14.62	14.88	14.38
14.16	14.57	14.04
14.23	14.41	13.93
14.77	14.8	14.16
14.91	15.09	14.38
15.18	15.35	14.95
15.56	15.75	15.25
15.56	15.91	15.48
15.78	16.06	15.63
15.48	16.12	14.99
15.56	15.78	15.44
15.5	15.75	15.38
15.44	15.51	15.25
15.89	15.89	15.39
15.67	16.12	15.56
14.97	15.84	14.73
15.12	15.23	14.81
15.17	15.46	15.16
15.09	15.12	14.56
14.76	15.21	14.71
14.66	14.94	14.43
15.74	15.74	14.69
15.73	15.93	15.22
16.09	16.36	15.63
16.01	16.08	15.81
16.09	16.23	15.93
16.22	16.38	16
16.29	16.38	16.02
16.41	16.71	16.01
15.98	16.46	15.89
15.72	15.88	15.5
16.01	16.19	15.66
15.94	16.08	15.81
15.64	16.26	15.62
15.57	15.75	15.18
15.87	16.06	15.51
15.86	15.91	15.53
15.44	16.34	15.44
15.31	15.77	15.27
13.69	15.46	13.62
14.25	14.35	13.89
13.5	14.13	13.44
13.7	13.81	13.39
14.18	14.18	13.68
14.36	14.44	14.11
13.99	14.41	13.94
14.06	14.19	13.88
13.99	14.41	13.9
13.88	14.06	13.76
13.34	13.79	13.12
13.4	13.54	13.03
13.41	13.67	13.27
13.22	13.57	13.14
13.03	13.25	12.97
13.25	13.43	13.06
12.81	13.25	12.64
12.51	12.51	12.51
12.51	12.51	12.51
12.51	12.51	12.51
12.51	12.51	12.51
12.51	12.51	12.51
12.51	12.51	12.51
12.43	12.64	12.4
12.19	12.46	12.06
12.59	12.7	12.08
12.5	12.68	12.3
12.19	12.97	12.08
12.33	12.49	12.08
12.56	12.77	12.29
12.65	12.81	12.18
13.51	13.52	12.56
13.34	13.54	13.34
13.51	13.61	13.1
13.75	13.88	13.5
13.62	13.86	13.46
12.83	13.74	12.83
13.02	13.12	12.84
13.15	13.25	12.81
12.91	13.12	12.8
13.03	13.24	12.88
12.99	13.23	12.86
12.43	13.04	12.28
11.68	12.5	11.56
11.37	12.04	11.37
11.84	11.86	11.27
12.57	12.69	11.93
12.69	13.04	12.56
12.5	13.05	12.19
13.68	13.68	12.33
13.88	14	13.59
13.51	14.06	13.47
13.01	13.48	12.82
13.49	13.71	12.78
13.28	13.53	13.07
13.93	14.44	13.24
14.44	14.64	13.94
13.96	14.57	13.81
14.36	14.66	13.85
14.41	14.57	14.06
14.93	15.06	14.07
15.01	15.34	14.66
15.46	15.47	14.72
15.54	16.09	15.44
16.01	16.05	15.34
16.16	16.17	15.57
16.36	16.36	16.36
15.23	16.36	15.23
14.56	15.75	14.23
14.49	14.93	14.25
14.26	14.71	14.25
14.58	14.62	14.06
14.41	14.71	14.09
14.29	14.53	14.19
14.7	14.99	14.34
14.67	14.8	14.34
14.73	14.84	14.38
14.54	14.91	14.33
14.32	14.57	14.23
13.91	14.32	13.91
14.16	14.16	13.83
14.18	14.42	14.06
14.11	14.23	13.85
14	14.27	13.79
14.86	14.86	14.12
14.76	15.33	14.63
14.35	14.82	14.32
14.5	14.78	14.38
13.62	14.62	13.48
13.75	13.88	13.51
13.5	13.5	13.5
13.43	13.56	13.35
13.38	13.61	13.28
13.68	13.68	13.18
13.56	14.15	13.45
13.81	14.01	13.5
13.66	14	13.52
13.78	14.12	13.59
14.01	14.06	13.56
13.44	14.27	13.38
13.75	13.75	13.12
12.5	12.5	12.5
12.5	12.5	12.5
12.5	12.5	12.5
12.5	12.5	12.5
12.5	12.5	12.5
12.66	12.88	12.41
12.38	13.05	12.31
11.55	12.53	11.55
11.53	11.67	11.45
11.31	11.56	11.23
11.15	11.15	11.15
11.15	11.15	11.15
10.79	11.16	10.79
10.76	10.84	10.57
10.53	10.91	10.38
10.55	10.8	10.43
10.97	11.01	10.55
11.2	11.23	10.98
11.14	11.36	11.14
10.94	10.94	10.94
10.99	11.03	10.82
11.12	11.12	10.78
11.24	11.38	11.04
10.99	11.25	10.9
11.38	12	11.01
11.05	11.43	10.99
10.77	11.29	10.76
10.44	10.84	10.39
10.54	10.75	10.44
10.27	10.57	10.16
10.2	10.2	10.2
10.25	10.39	10.07
9.76	10.58	9.74
9.49	9.82	9.49
9.47	9.66	9.38
9.64	9.98	9.54
9.53	9.64	9.38
9.89	10.04	9.5
9.97	9.99	9.66
9.91	10.11	9.83
10.14	10.14	9.91
10.18	10.28	9.96
10.36	10.39	10
10.39	10.48	10.3
10.43	10.53	10.31
10.31	10.39	10.16
10.04	10.25	10.02
10.34	10.56	10.01
10.47	10.75	10.29
10.47	10.47	10.47
10.51	10.77	10.38
10.14	10.53	10.14
10	10.31	9.99
9.81	10.06	9.71
10.25	10.3	9.89
10.31	10.41	10.14
9.91	10.38	9.81
9.72	10.03	9.69
9.91	10.12	9.78
9.44	9.77	9.44
9.69	9.79	9.38
9.83	9.98	9.55
10	10.05	9.79
9.47	10.03	9.4
9.19	9.62	9.05
9.49	9.54	9.24
9.16	9.49	9.01
9.62	9.68	9.16
9.03	9.28	8.95
9.56	9.8	9.07
9.22	9.59	9.2
9.33	9.84	9.18
8.49	9.29	8.49
8.38	8.73	8.34
8.25	8.88	8.11
8.62	8.62	8.62
9.24	9.52	8.52
9	9.99	8.64
9.37	9.37	9.37
8.43	9.37	8.38
8.31	8.55	8.19
8.75	8.88	8.12
8.87	9.31	8.56
8.97	9.42	8.68
8.55	9	8.55
8.23	8.56	8.12
8.67	8.67	8.06
8.43	8.92	8.16
8.51	8.62	8.24
8.41	8.77	8.41
8.01	8.4	8.01
8.17	8.25	7.89
7.51	8.22	7.51
7.29	7.54	7.25
7.35	7.49	7.19
7.28	7.28	7.28
7.28	7.28	7.28
7.28	7.28	7.28
7.28	7.28	7.28
7.28	7.28	7.28
7.24	7.46	7.24
7.38	7.5	7.12
6.97	7.62	6.88
6.92	7.12	6.89
6.66	7.09	6.66
6.46	6.84	6.46
6.26	6.62	6.23
5.81	6.41	5.81
5.55	6.02	5.55
6.11	6.3	6.04
6	6.21	6
6.09	6.1	5.94
6.38	6.5	6.24
6.12	6.52	6.08
5.98	6.09	5.94
5.91	5.91	5.91
5.91	5.91	5.91
5.97	6	5.81
5.91	6.02	5.84
6	6.01	5.75
6.09	6.18	6.03
6.42	6.42	6.04
6.22	6.48	6.2
6.44	6.63	6.24
6.56	6.61	6.36
6.56	6.77	6.52
6.26	6.66	6.18
6.38	6.43	6.19
6.29	6.38	6.09
6.57	6.62	6.12
6.66	6.71	6.31
6.89	7.07	6.75
6.53	7.08	6.53
6.88	6.88	6.5
6.62	6.86	6.57
6.22	6.47	6.22
6.24	6.53	6.19
5.79	6.04	5.78
5.56	5.74	5.49
5.54	5.72	5.54
5.83	5.83	5.5
6.31	6.36	5.91
6.05	6.06	5.81
6.26	6.31	5.93
6.4	6.41	6.08
6.31	6.68	6.16
6.68	6.82	6.49
6.32	6.89	6.27
6.8	7.09	6.21
6.62	6.91	6.51
6.5	6.72	6.35
6	6.53	5.93
5.86	6.18	5.83
5.96	6.18	5.88
5.68	6.04	5.62
5.16	5.62	5.13
5.31	5.41	5.22
5.28	5.72	5.26
5.19	5.29	5
5.16	5.41	5.1
5.44	5.47	5.19
5.29	5.56	5.24
5.6	5.6	5.29
5.05	5.65	5
5.62	5.62	5.21
6.04	6.09	5.7
6.15	6.15	5.72
6.26	6.54	6.25
6.54	6.66	6.38
6.14	6.64	6.06
6.02	6.2	5.95
6.03	6.14	5.86
6.34	6.34	6.34
6.66	6.77	6.31
5.87	6.38	5.82
5.96	6.03	5.76
6.54	6.55	6.18
6.39	6.5	6.13
6.42	6.89	6.35
7.11	7.11	6.49
7.21	7.21	7.21
7.21	7.21	7.21
7.21	7.21	7.21
7.21	7.21	7.21
7.21	7.21	7.21
7.46	7.5	6.91
7.11	7.53	7.06
7.07	7.13	6.91
7.4	7.62	7.2
7.73	7.74	7.25
7.03	7.03	6.97
6.01	6.72	5.96
6.7	6.8	6.23
7.55	7.55	6.92
7.69	7.69	7.69
7.74	7.88	7.63
8.26	8.26	7.7
8.35	8.5	8.12
8.56	8.6	8.36
8.94	8.94	8.41
8.62	8.89	8.49
8.74	8.88	8.62
8.98	9.01	8.63
9.08	9.17	8.89
9.66	9.66	9.12
9.71	9.9	9.55
9.61	9.84	9.54
9.59	9.78	9.49
9.56	9.78	9.47
9.63	9.83	9.42
9.69	9.8	9.39
10.09	10.09	9.62
9.19	10.13	9.16
9.11	9.47	8.99
9.43	9.5	9.13
9.28	9.56	9.08
9.16	9.38	9.06
9.25	9.37	8.98
9.24	9.42	9.19
9.62	9.94	9.23
10.06	10.06	9.59
9.96	10.18	9.86
10.2	10.38	9.78
10.43	10.57	10.07
10.38	10.63	10.31
9.99	10.72	9.9
10.27	10.36	10
10.4	10.48	10.18
10.25	10.36	10.1
10.26	10.64	10.22
9.81	10.3	9.74
9.61	10.03	9.18
9.69	9.86	9.44
9.57	9.74	9.52
9.19	9.61	9.14
9.18	9.33	8.9
9.25	9.3	8.88
9.42	9.42	8.76
10.19	10.22	9.5
9.81	10.26	9.78
10.22	10.31	9.88
10.05	10.56	9.98
9.81	10.46	9.8
9.84	9.9	9.62
9.21	9.81	9.19
9.23	9.29	9.13
8.89	9.35	8.54
8.97	9.12	8.88
9.3	9.37	8.85
9.15	9.47	9.14
10.02	10.02	9.35
10.4	10.72	10.25
10.2	10.66	10.02
10.05	10.54	9.95
10.18	10.52	10.1
9.6	10.65	9.57
10.56	10.65	9.63
10.1	10.71	9.93
10.31	10.52	10.05
10.22	10.62	10.04
10.14	10.29	9.93
10.19	10.19	10.19
10.5	10.66	10.17
11.2	11.2	10.71
11.9	11.9	11.9
12.16	12.23	11.85
12.13	12.31	11.96
12.2	12.34	11.83
12.35	12.55	12.13
12.13	12.53	11.94
12.12	12.29	11.98
12.49	12.55	11.98
12.04	12.69	12.01
11.96	12.16	11.85
12.02	12.13	11.63
12.36	12.55	12.06
12.55	12.76	12.28
12.41	12.86	12.21
13.46	13.64	12.5
13.22	13.54	13.08
13.07	13.46	13.07
13.58	13.69	13.07
12.54	13.46	12.54
12.5	12.84	12.45
12.31	13.15	12.07
13.26	13.39	12.39
12.74	13.25	12.46
13.75	13.97	12.92
13.99	14.11	13.71
14.33	14.5	13.92
14.24	14.24	14.24
14.24	14.24	14.24
13.46	14.41	13.46
13.32	13.6	13.21
13.18	13.53	13.03
13.27	13.91	12.99
13.2	13.22	12.79
11.25	12.08	11.16
10.67	11.44	10.34
11.92	11.92	10.7
10.95	11.31	10.58
11.85	12.31	10.95
12.2	12.42	11.94
12.26	12.34	11.7
13.37	13.46	12.33
13.75	13.88	13.47
13.33	13.56	13
14	14.13	13.29
14.47	14.47	13.9
13.93	14.59	13.74
14.07	14.07	14.07
13.7	14.09	13.34
13.74	14.4	13.46
13.46	14.01	12.98
13.44	13.96	13.32
13.02	14.2	12.66
13.14	13.63	12.98
13.32	13.93	13.22
12.54	13.38	12.36
13.69	13.82	12.74
13.82	14	13.4
12.35	14.13	11.83
12.55	13.09	12.45
12.03	12.48	11.83
11.9	12.4	11.77
12.5	12.5	11.87
12.26	12.72	12.16
13.4	13.46	12.4
13.01	13.34	12.76
14.12	14.13	13.12
14.33	14.89	14.13
14.19	15.05	14.1
14.4	14.57	13.61
15.89	15.89	14.28
15.82	16.13	15.33
15.72	16.07	15.62
15.87	16.01	15.62
15.2	15.96	15.2
15.38	15.5	14.77
15.4	15.67	14.7
16.16	16.19	15.24
16.78	16.8	16
17.79	17.88	16.62
17.67	17.97	17.39
17.62	17.72	17.32
17.68	17.68	16.98
17.72	17.96	17.7
17.55	17.77	17.31
17.93	17.93	17.93
17.93	17.93	17.93
17.93	17.93	17.93
17.93	17.93	17.93
17.93	17.93	17.93
18.27	18.41	17.81
17.25	18.27	17.25
16.13	17.06	15.87
16.35	16.68	15.95
17.5	17.55	15.77
17.21	17.64	16.82
18.03	18.08	17.01
17.8	18.78	17.45
18.5	18.5	17.4
17.69	18.23	17.4
17.69	18.37	16.78
19.47	19.62	17.98
19.71	20.04	19.37
19	19.88	18.71
19.85	20.07	19.09
20.89	21.15	20.19
21.23	21.25	20.68
20.13	21.39	20.1
19.86	20.42	19.52
19.42	19.8	19.42
18.95	19.88	18.95
18.36	19.12	18.27
17.98	18.61	17.97
18.27	18.31	17.55
18.51	18.62	18.1
18.56	18.56	18.56
18.56	18.56	18.56
18.7	18.88	18.56
18.17	18.84	17.79
18.26	18.53	18.03
18.34	18.55	18.17
17.79	18.37	17.72
17.5	17.93	17.43
17.65	17.8	17.38
17.17	17.17	17.17
16.9	17.43	16.81
17.78	17.78	16.97
17.56	17.95	17.31
17.69	17.93	17.58
18.46	18.46	17.57
18.94	19.27	18.25
18.64	18.91	18.51
18.87	19.26	18.87
19.01	19.21	18.63
18.5	19.04	18.37
18.65	19.08	18.41
18.07	19.08	17.79
17.79	17.8	17.31
16.83	17.84	16.74
16.9	17.02	16.15
17.26	17.54	16.83
18.07	18.16	17.41
17.25	17.93	17.21
17.69	18.29	17.25
18.82	18.92	17.84
17.99	18.8	17.74
18.7	18.88	18.08
19.18	19.23	18.44
19.57	19.96	19.14
19.76	19.86	18.92
20.38	20.62	19.1
19.97	20.42	19.66
20.28	20.97	20.1
21.27	21.3	20.34
21.13	21.44	20.52
20.72	21.34	20.49
21.63	22.21	20.91
22.21	23.02	21.63
22.65	23.55	22.6
22.11	23.46	21.78
21.75	21.92	21.25
21.6	22.88	21.44
20.05	21.7	20
20.13	20.67	19.64
19.86	20.73	19.84
19.28	19.9	19.25
19.04	19.52	18.51
19.23	19.71	18.75
20.19	20.29	18.98
20.09	20.8	19.69
19.28	20.43	19.12
19.23	19.57	18.61
19.86	19.9	18.32
19.21	19.83	18.99
19.64	20.47	19.17
19.76	20.31	19.52
19.95	20.49	19.53
19.22	19.22	19.22
19.22	19.22	19.22
19.22	19.22	19.22
19.22	19.22	19.22
19.22	19.22	19.22
18.8	19.38	18.8
18.27	18.85	18.21
17.84	18.81	17.8
18.39	18.51	17.93
17.38	18.34	17.15
17.29	17.48	16.82
17.39	17.69	17.26
17.09	17.67	17.08
17.58	17.71	16.82
17.96	17.96	17.4
17.74	17.85	17.23
17.12	17.73	16.97
17.01	17.45	16.62
17.98	18.21	17.24
17.57	18.22	17.39
17.93	18.27	17.79
17.8	18.33	17.64
17.79	17.92	17.33
18.18	18.2	17.64
18.32	18.55	18.2
18.1	18.32	17.76
17.92	18.31	17.59
18.02	18.12	17.6
18.52	18.65	18.03
19.03	19.64	18.47
18.43	19.24	18.37
18.46	18.65	18.12
18.2	19.03	18.09
18.49	18.88	18.12
17.31	18.34	17.31
17.3	17.74	16.53
18.28	18.29	17.2
18.46	18.74	18
18.85	18.91	17.78
18.51	19.23	18.27
19.13	19.28	18.5
18.66	19.28	18.52
18.41	19.47	18.27
18.73	18.97	18.4
18.75	19.18	18.39
18.27	19.01	18.21
16.97	18.2	16.97
17.43	17.84	16.54
16.27	17.5	16.18
16.2	16.87	16.15
16.71	16.75	16.11
16.83	17.07	16.71
16.04	17.01	16.04
15.86	16.66	15.62
16.06	16.06	15.27
14.65	14.65	14.65
14.38	15.04	14.27
13.94	15	13.76
13.17	14.03	13.08
13.56	13.56	12.75
13.94	13.94	13.48
13.58	14.02	13.58
13.65	13.78	13.47
13.46	14.11	13.46
13.12	13.7	12.98
12.26	13.04	12.22
12.36	12.92	12.09
13.2	13.25	12.55
13.25	13.53	12.85
12.89	13.39	12.77
14.33	14.41	13.09
15.14	15.56	14.44
15.23	16.25	15.23
16.92	16.92	16.92
17.31	17.59	16.51
17.12	17.21	16.25
15.6	16.5	15.02
15.87	16.01	14.74
13.79	13.79	13.79
13.79	13.79	13.79
13.79	13.79	13.79
13.79	13.79	13.79
13.79	13.79	13.79
13.79	13.79	13.79
13.79	13.79	13.79
13.79	13.79	13.79
13.79	13.79	13.79
13.79	13.79	13.79
13.79	13.79	13.79
13.79	13.79	13.79
13.79	13.79	13.79
12.99	13.79	12.64
13.13	13.5	13.13
13.93	14.12	13.48
14.65	14.65	13.74
14.06	14.06	14.03
13.39	13.39	13.39
13.39	13.39	13.39
13.39	13.39	13.39
13.39	13.39	13.39
13.39	13.39	13.39
13.39	13.39	13.39
13.39	13.39	13.39
13.39	13.39	13.39
13.39	13.39	13.39
12.74	13.51	12.52
12.89	13.31	12.74
13.46	13.59	12.45
12.6	13.1	12.6
12.48	12.48	12.48
12.48	12.48	12.48
12.48	12.48	12.48
12.48	12.48	12.48
12.48	12.48	12.48
12.48	12.48	12.48
12.48	12.48	12.48
12.4	12.48	12.12
11.27	11.88	11.08
11.62	11.68	11.28
10.9	11.41	10.72
10.28	10.99	10.28
10.91	11.09	10.5
11	11.25	10.83
11.32	11.41	10.84
11.53	11.76	11.01
10.91	11.28	10.91
10.29	10.75	10.24
9.77	10.24	9.77
9.48	9.76	9.44
9.41	9.61	9.33
9.45	9.57	9.3
9.56	9.65	9.4
9.33	9.71	9.33
9.28	9.46	9.22
9.12	9.42	9.11
9.08	9.13	8.93
9.17	9.62	9.09
9.1	9.32	8.67
9.13	9.18	9.01
9.13	9.29	8.9
9.45	9.5	9.11
9.75	10.04	9.38
9.2	9.56	9.17
9.33	9.33	9.09
8.54	9.11	8.46
8.84	8.9	8.62
8.63	8.85	8.63
8.8	8.8	8.56
8.85	9.02	8.83
9.11	9.13	8.68
9.09	9.23	8.93
8.99	9.35	8.95
8.85	9.09	8.8
8.42	8.84	8.42
8.68	8.78	8.31
8.61	8.83	8.44
9.13	9.13	8.7
8.77	9.22	8.77
9.71	10	9.23
9.81	9.86	9.53
10	10	10
10	10	10
10	10	10
10	10	10
10	10	10
9.95	10.29	9.89
9.93	10.18	9.71
9.56	9.9	9.42
9.62	9.71	9.33
8.83	9.28	8.83
9.22	9.23	8.79
8.85	9.29	8.7
8.85	8.85	8.85
8.02	8.42	8.01
8.32	8.48	8.01
8.74	8.97	8.43
8.92	9.12	8.74
10.09	10.09	9.2
9.68	9.68	9.57
9.09	9.22	9.09
8.75	8.78	8.46
8.56	8.69	8.35
8.65	8.89	8.43
8.41	8.8	8.32
8.23	8.56	8.23
7.79	8.17	7.79
8.15	8.23	7.77
8.17	8.46	7.88
7.93	8.23	7.93
7.45	7.84	7.23
7.26	7.46	7.16
6.82	7.11	6.77
6.63	6.84	6.54
6.44	6.67	6.39
6.27	6.51	6.26
6.7	6.7	6.25
7.04	7.37	6.65
6.96	6.96	6.96
6.96	6.96	6.96
6.96	6.96	6.96
6.8	7.06	6.77
6.61	6.97	6.58
6.36	6.68	6.3
6.44	6.48	6.29
6.22	6.63	6.2
6.32	6.42	6.21
6.5	6.51	6.3
6.52	6.56	6.35
6.5	6.8	6.43
6.42	6.61	6.34
6.49	6.49	6.23
6.42	6.54	6.34
6.74	6.77	6.36
6.59	6.85	6.51
6.31	6.61	6.3
6.3	6.53	6.23
6.3	6.79	6.3
6.25	6.49	6.01
6.32	6.38	6.15
5.96	6.43	5.87
6.09	6.14	5.95
5.96	6.1	5.88
5.68	6.01	5.68
6.02	6.09	5.9
6.04	6.19	5.88
6.07	6.24	5.9
6.19	6.34	6.01
5.71	6.25	5.64
5.16	5.69	5.04
4.96	5.19	4.95
5	5.04	4.88
5	5.14	4.97
4.85	5.01	4.79
4.88	4.95	4.75
4.93	5.07	4.8
5.05	5.18	4.89
4.81	5.1	4.77
4.82	4.89	4.74
4.75	4.87	4.73
4.53	4.8	4.51
4.49	4.71	4.45
4.47	4.5	4.38
4.59	4.61	4.44
4.52	4.64	4.5
4.61	4.73	4.45
4.71	4.93	4.66
4.6	4.75	4.53
4.52	4.64	4.51
4.33	4.57	4.33
4.37	4.48	4.28
4.28	4.4	4.28
4.38	4.38	4.29
4.31	4.41	4.27
4.24	4.36	4.19
4.35	4.42	4.25
4.17	4.54	4.16
4.18	4.18	4.18
4.18	4.18	4.18
4.18	4.18	4.18
4	4.2	3.99
3.92	3.92	3.92
3.92	3.92	3.92
3.92	3.92	3.92
3.92	3.92	3.92
3.92	3.92	3.92
3.83	3.97	3.81
3.85	3.86	3.77
3.64	3.88	3.62
3.64	3.66	3.61
3.57	3.68	3.56
3.71	3.75	3.56
3.69	3.76	3.69
3.7	3.72	3.67
3.66	3.76	3.64
3.7	3.72	3.63
3.61	3.68	3.58
3.56	3.7	3.55
3.57	3.64	3.53
3.57	3.62	3.54
3.43	3.58	3.43
3.46	3.49	3.44
3.44	3.52	3.41
3.42	3.45	3.4
3.42	3.49	3.39
3.39	3.42	3.38
3.47	3.48	3.37
3.47	3.52	3.44
3.47	3.49	3.44
3.5	3.55	3.44
3.37	3.53	3.35
3.38	3.4	3.35
3.4	3.4	3.33
3.38	3.45	3.38
3.38	3.45	3.38
3.28	3.41	3.2
3.41	3.41	3.31
3.38	3.41	3.32
3.33	3.39	3.32
3.28	3.33	3.25
3.28	3.34	3.26
3.31	3.31	3.27
3.24	3.3	3.23
3.27	3.28	3.23
3.17	3.27	3.17
3.2	3.26	3.15
3.29	3.31	3.21
3.3	3.32	3.25
3.22	3.29	3.2
3.24	3.27	3.17
3.32	3.33	3.22
3.39	3.42	3.3
3.44	3.48	3.37
3.48	3.49	3.42
3.49	3.52	3.47
3.45	3.5	3.39
3.45	3.53	3.45
3.44	3.49	3.42
3.53	3.61	3.39
3.71	3.71	3.71
3.71	3.71	3.71
3.71	3.71	3.71
3.71	3.71	3.71
3.71	3.71	3.71
3.71	3.71	3.71
3.71	3.71	3.71
3.82	3.82	3.64
3.87	3.87	3.79
3.87	3.96	3.85
3.9	3.92	3.77
3.63	3.94	3.63
3.6	3.69	3.6
3.51	3.6	3.5
3.56	3.56	3.5
3.5	3.57	3.5
3.5	3.5	3.5
3.54	3.54	3.48
3.45	3.6	3.44
3.42	3.47	3.4
3.39	3.44	3.35
3.39	3.44	3.27
3.47	3.5	3.4
3.43	3.43	3.43
3.41	3.45	3.29
3.42	3.51	3.42
3.8	3.8	3.8
4.22	4.22	4.22
4.22	4.22	4.22
4.22	4.22	4.22
4.22	4.22	4.22
4.22	4.22	4.22
4.22	4.22	4.22
4.22	4.22	4.22
4.22	4.22	4.22
4.22	4.22	4.22
4.22	4.22	4.22
3.97	4.32	3.96
3.86	3.97	3.8
3.78	3.98	3.77
3.92	3.92	3.77
3.97	4	3.9
3.89	4.04	3.86
3.96	3.97	3.79
3.95	4.07	3.89
4.11	4.13	3.88
4.09	4.18	4
4	4.18	3.99
3.97	4.21	3.91
4	4.16	3.88
3.79	4.09	3.68
3.79	3.87	3.7
3.79	3.79	3.79
3.79	3.79	3.79
3.79	3.79	3.79
3.79	3.79	3.79
3.79	3.79	3.79
3.7	3.89	3.49
3.5	3.62	3.43
3.1	3.38	3.09
3.12	3.12	3.03
3.27	3.3	3.12
3.26	3.31	3.23
3.3	3.34	3.25
3.25	3.36	3.2
3.28	3.31	3.23
3.29	3.32	3.25
3.18	3.3	3.16
3.23	3.29	3.17
3.33	3.33	3.23
3.24	3.38	3.21
3.12	3.25	3.12
3.13	3.15	3.08
3.19	3.22	3.12
3.16	3.2	3.13
3.08	3.19	3.06
3.04	3.11	3.02
3.03	3.11	3.01
3.12	3.14	3.03
3.08	3.16	3.07
3.05	3.08	3.04
3.03	3.06	2.98
3.08	3.09	3.03
3.05	3.1	3.05
3.06	3.08	3.03
3.02	3.09	3
2.98	3.03	2.96
3.02	3.03	2.98
3.02	3.06	3
2.98	3.02	2.98
3.01	3.01	2.97
2.98	3.02	2.97
3	3.02	2.96
3.07	3.07	2.98
3.03	3.09	3.01
3.15	3.15	3.03
3.13	3.19	3.12
3.14	3.18	3.09
3.26	3.26	3.12
3.29	3.31	3.24
3.27	3.31	3.19
3.39	3.41	3.27
3.37	3.38	3.32
3.27	3.39	3.26
3.25	3.29	3.2
3.02	3.29	3.01
3	3.07	2.97
2.97	3.02	2.95
3.03	3.03	2.97
3.01	3.1	3.01
2.98	3.02	2.96
2.99	3.01	2.96
2.98	3	2.96
3.02	3.02	2.97
3.01	3.03	2.97
3.08	3.08	2.98
3.05	3.11	3.04
3.05	3.05	3.05
3.05	3.05	3.05
3.05	3.05	3.05
3.05	3.05	3.05
3.05	3.05	3.05
3.05	3.05	3.05
3.05	3.05	3.05
3	3.06	3
2.96	3.01	2.95
3	3	2.95
3.04	3.04	2.97
3	3.03	2.97
2.95	3.01	2.94
2.93	2.97	2.91
2.97	2.97	2.92
3	3.05	2.97
2.99	3.02	2.98
3.02	3.05	2.98
3.05	3.06	2.96
3.08	3.1	3.05
3.08	3.12	3.05
3.03	3.05	3
2.95	3.04	2.94
2.95	2.95	2.95
2.95	2.95	2.95
3	3	2.95
2.97	3.01	2.95
2.98	2.98	2.95
3	3	2.96
2.97	3.01	2.95
2.91	2.96	2.91
2.91	2.93	2.89
2.93	2.99	2.91
2.88	2.95	2.88
2.89	2.9	2.86
2.88	2.9	2.87
2.92	2.94	2.88
2.84	2.96	2.82
2.83	2.84	2.8
2.84	2.88	2.81
2.79	2.85	2.77
2.79	2.83	2.78
2.77	2.8	2.75
2.69	2.81	2.69
2.79	2.79	2.7
2.78	2.81	2.77
2.81	2.81	2.77
2.77	2.81	2.76
2.76	2.82	2.76
2.83	2.83	2.77
2.75	2.84	2.73
2.73	2.77	2.69
2.68	2.73	2.67
2.75	2.75	2.69
2.78	2.78	2.75
2.74	2.79	2.71
2.73	2.74	2.71
2.69	2.72	2.68
2.7	2.73	2.68
2.66	2.72	2.66
2.67	2.69	2.65
2.74	2.74	2.66
2.77	2.78	2.72
2.75	2.78	2.72
2.75	2.75	2.71
2.72	2.75	2.69
2.77	2.78	2.7
2.74	2.78	2.72
2.74	2.76	2.69
2.68	2.78	2.68
2.8	2.82	2.65
2.85	2.87	2.78
2.93	2.96	2.81
2.99	3.03	2.89
3.16	3.16	3
3.02	3.05	2.9
2.77	2.77	2.77
2.77	2.77	2.77
2.77	2.77	2.77
2.77	2.77	2.77
2.77	2.77	2.77
2.77	2.77	2.77
2.77	2.77	2.77
2.77	2.77	2.77
2.77	2.77	2.77
2.77	2.77	2.77
2.77	2.77	2.77
2.77	2.77	2.77
2.77	2.77	2.77
2.77	2.77	2.77
2.77	2.77	2.77
2.77	2.77	2.77
2.77	2.77	2.77
2.88	2.88	2.76
2.81	2.86	2.79
2.84	2.86	2.8
2.89	2.9	2.8
2.95	2.97	2.89
3.01	3.01	2.95
3.03	3.04	2.99
3.02	3.06	3.01
3.07	3.07	3.01
3.04	3.08	3.03
3	3.05	2.97
3.01	3.02	2.97
3.03	3.09	3
2.99	3.08	2.97
2.95	3	2.93
3.04	3.05	2.95
3.01	3.04	2.98
3.04	3.1	3
3	3.05	2.97
2.95	3	2.91
2.96	2.99	2.92
2.97	3	2.91
2.88	2.98	2.88
2.9	2.92	2.86
2.87	2.92	2.87
2.9	2.91	2.82
2.88	2.92	2.86
2.89	2.95	2.84
2.98	3.02	2.88
2.96	2.98	2.88
3.03	3.04	2.94
2.98	3.04	2.97
3.11	3.12	2.98
3.03	3.12	3.01
3.02	3.06	2.99
3	3.02	2.96
3	3.03	2.97
2.9	3	2.9
2.93	2.96	2.89
2.9	3.05	2.89
2.86	2.9	2.82
2.85	2.88	2.8
2.88	2.9	2.83
2.92	2.96	2.88
2.89	2.92	2.85
2.85	2.93	2.84
2.86	2.89	2.82
2.79	2.91	2.79
2.79	2.79	2.74
2.75	2.8	2.72
2.72	2.79	2.67
2.72	2.74	2.65
2.76	2.79	2.69
2.75	2.8	2.75
2.78	2.79	2.75
2.64	2.83	2.61
2.64	2.73	2.62
2.72	2.72	2.62
2.7	2.75	2.7
2.76	2.8	2.7
2.79	2.81	2.75
2.76	2.81	2.73
2.85	2.86	2.76
2.99	2.99	2.85
3.02	3.04	2.99
3.08	3.08	2.99
3.07	3.12	3.06
2.99	3.03	2.97
3.11	3.13	2.97
3.09	3.14	3.07
3.09	3.14	3.03
3.06	3.12	2.92
3.06	3.06	3.06
2.99	3.09	2.99
3.05	3.09	2.98
3.12	3.22	3.07
3.16	3.22	3.07
3.1	3.33	3.08
3.12	3.19	3.07
2.85	3.14	2.85
2.88	2.93	2.84
2.8	2.87	2.75
2.78	2.88	2.75
2.86	2.89	2.74
2.89	2.9	2.85
2.93	2.96	2.86
2.93	2.96	2.84
2.95	3.02	2.94
2.96	2.99	2.94
2.97	3.02	2.93
2.86	3	2.84
2.95	2.96	2.87
2.99	3.05	2.94
2.95	3.01	2.89
2.91	2.98	2.9
2.84	2.96	2.79
2.89	2.89	2.77
2.98	3	2.84
2.97	3.05	2.95
3.02	3.08	2.94
2.93	3.06	2.87
3	3.01	2.88
2.98	2.98	2.98
2.98	2.98	2.98
2.98	2.98	2.98
2.98	2.98	2.98
2.98	2.98	2.98
2.83	3.11	2.79
2.74	2.89	2.63
2.91	2.91	2.73
2.77	2.95	2.74
2.79	2.81	2.6
2.96	3.08	2.87
3.19	3.19	3.19
3.17	3.24	3.1
3.09	3.26	3.08
3.16	3.16	3.05
3.12	3.25	3.07
3.29	3.3	3.13
3.22	3.43	3.21
3.31	3.32	3.18
3.27	3.55	3.18
3.02	3.26	2.97
2.74	2.97	2.74
2.64	2.73	2.6
2.61	2.7	2.6
2.65	2.68	2.58
2.5	2.75	2.46
2.45	2.51	2.43
2.55	2.55	2.43
2.55	2.58	2.54
2.59	2.6	2.52
2.6	2.62	2.57
2.58	2.62	2.56
2.66	2.68	2.57
2.88	2.88	2.65
2.85	2.88	2.84
2.88	2.91	2.84
2.86	2.9	2.85
2.88	2.88	2.84
2.93	2.96	2.87
2.94	2.97	2.89
2.93	2.97	2.92
3.02	3.02	2.95
3.06	3.07	3
3.07	3.07	3
3.04	3.07	3
3.1	3.1	3.04
3.07	3.1	3.05
3.08	3.11	3.06
3.12	3.12	3.07
3.19	3.2	3.1
3.19	3.25	3.19
3.21	3.21	3.16
3.24	3.25	3.18
3.23	3.25	3.17
3.19	3.25	3.19
3.16	3.21	3.15
3.17	3.19	3.13
3.17	3.21	3.14
3.17	3.17	3.17
3.17	3.17	3.17
3.17	3.17	3.17
3.17	3.17	3.17
3.17	3.17	3.17
3.17	3.17	3.17
3.17	3.17	3.17
3.03	3.24	3
3.08	3.1	3.03
2.93	3.08	2.93
2.92	2.98	2.91
